#Creator: pendulumEventBuffer
#Creation time: Thu Mar 31 11:15:25 2022
#Time	Period	Transit time
#[s]	[s]	[s]
2.279301	2.123275	0.025530
3.340915	2.123272	0.025578
4.402573	2.123345	0.025634
5.464260	2.123278	0.025708
6.525851	2.123233	0.025774
7.587493	2.123214	0.025834
8.649065	2.123152	0.025898
9.710645	2.123161	0.025958
10.772226	2.123061	0.026028
11.833706	2.122861	0.026104
12.895087	2.122811	0.026166
13.956517	2.122795	0.026230
15.017882	2.122868	0.026300
16.079385	2.122877	0.026370
17.140759	2.122832	0.026434
18.202217	2.122889	0.026486
19.263648	2.122866	0.026548
20.325083	2.122907	0.026614
21.386555	2.122921	0.026678
22.448004	2.122736	0.026748
23.509291	2.122654	0.026806
24.570658	2.122674	0.026868
25.631965	2.122691	0.026942
26.693349	2.122676	0.027014
27.754641	2.122621	0.027074
28.815970	2.122604	0.027132
29.877245	2.122601	0.027194
30.938571	2.122584	0.027258
31.999829	2.122529	0.027318
33.061100	2.122527	0.027376
34.122356	2.122529	0.027440
35.183629	2.122491	0.027498
36.244847	2.122451	0.027554
37.306080	2.122425	0.027608
38.367272	2.122347	0.027676
39.428427	2.122331	0.027774
40.489603	2.122345	0.027834
41.550772	2.122269	0.027872
42.611872	2.122242	0.027932
43.673014	2.122232	0.028000
44.734104	2.122176	0.028068
45.795190	2.122146	0.028132
46.856250	2.122134	0.028172
47.917324	2.122089	0.028220
48.978339	2.122073	0.028314
50.039397	2.122122	0.028398
51.100461	2.122132	0.028466
52.161529	2.122040	0.028534
53.222501	2.122005	0.028606
54.283534	2.121997	0.028664
55.344498	2.121952	0.028744
56.405486	2.121910	0.028812
57.466408	2.121888	0.028856
58.527374	2.121880	0.028928
59.588288	2.121882	0.029000
60.649256	2.121837	0.029064
61.710125	2.121791	0.029122
62.771047	2.121797	0.029190
63.831922	2.121713	0.029256
64.892760	2.121752	0.029312
65.953674	2.121723	0.029376
67.014483	2.121606	0.029454
68.075280	2.121686	0.029532
69.136169	2.121700	0.029602
70.196980	2.121599	0.029680
71.257768	2.121515	0.029764
72.318495	2.121615	0.029838
73.379383	2.121656	0.029910
74.440151	2.121603	0.029974
75.500986	2.121547	0.030036
76.561698	2.121502	0.030100
77.622488	2.121474	0.030164
78.683172	2.121521	0.030224
79.744009	2.121548	0.030286
80.804720	2.121447	0.030356
81.865456	2.121407	0.030416
82.926127	2.121345	0.030478
83.986801	2.121305	0.030546
85.047432	2.121245	0.030616
86.108046	2.121205	0.030684
87.168637	2.121203	0.030750
88.229249	2.121216	0.030818
89.289853	2.121166	0.030886
90.350415	2.121139	0.030946
91.410992	2.121175	0.031028
92.471590	2.121114	0.031104
93.532106	2.121105	0.031156
94.592695	2.121111	0.031226
95.653217	2.121067	0.031298
96.713762	2.121046	0.031352
97.774263	2.121034	0.031414
98.834796	2.121016	0.031492
99.895279	2.120992	0.031562
100.955788	2.120985	0.031632
102.016264	2.120984	0.031704
103.076772	2.120963	0.031772
104.137227	2.120952	0.031834
105.197724	2.120925	0.031900
106.258152	2.120884	0.031972
107.318608	2.120862	0.032040
108.379014	2.120849	0.032100
109.439457	2.120833	0.032174
110.499847	2.120791	0.032254
111.560248	2.120762	0.032316
112.620609	2.120781	0.032382
113.681029	2.120772	0.032446
114.741381	2.120738	0.032506
115.801767	2.120718	0.032582
116.862099	2.120674	0.032654
117.922441	2.120655	0.032722
118.982754	2.120739	0.032804
120.043180	2.120709	0.032888
121.103463	2.120580	0.032966
122.163760	2.120602	0.033032
123.224065	2.120582	0.033094
124.284342	2.120528	0.033164
125.344593	2.120521	0.033234
126.404863	2.120492	0.033314
127.465085	2.120475	0.033394
128.525338	2.120485	0.033464
129.585570	2.120464	0.033528
130.645802	2.120426	0.033596
131.705996	2.120441	0.033672
132.766243	2.120421	0.033738
133.826417	2.120411	0.033810
134.886654	2.120394	0.033884
135.946811	2.120395	0.033962
137.007049	2.120406	0.034038
138.067217	2.120265	0.034106
139.127314	2.120304	0.034184
140.187521	2.120369	0.034262
141.247683	2.120274	0.034330
142.307795	2.120275	0.034390
143.367958	2.120264	0.034452
144.428059	2.120236	0.034526
145.488194	2.120187	0.034604
146.548246	2.120186	0.034680
147.608380	2.120167	0.034760
148.668413	2.120139	0.034834
149.728519	2.120121	0.034902
150.788534	2.120068	0.034980
151.848587	2.120019	0.035054
152.908553	2.120115	0.035126
153.968702	2.120176	0.035204
155.028729	2.120073	0.035286
156.088775	2.120128	0.035346
157.148857	2.120021	0.035418
158.208796	2.119879	0.035512
159.268736	2.119956	0.035596
160.328752	2.119920	0.035680
161.388656	2.119965	0.035760
162.448717	2.120010	0.035834
163.508666	2.119967	0.035916
164.568684	2.119958	0.035996
165.628624	2.119900	0.036064
166.688584	2.119888	0.036136
167.748512	2.119896	0.036216
168.808480	2.119873	0.036292
169.868385	2.119873	0.036362
170.928353	2.119879	0.036442
171.988264	2.119868	0.036520
173.048221	2.119852	0.036590
174.108116	2.119833	0.036664
175.168054	2.119812	0.036740
176.227928	2.119791	0.036804
177.287845	2.119724	0.036878
178.347652	2.119678	0.036960
179.407523	2.119708	0.037042
180.467360	2.119683	0.037124
181.527206	2.119657	0.037184
182.587017	2.119660	0.037258
183.646866	2.119671	0.037328
184.706688	2.119646	0.037404
185.766512	2.119620	0.037488
186.826308	2.119659	0.037564
187.886171	2.119648	0.037646
188.945956	2.119588	0.037720
190.005759	2.119612	0.037798
191.065568	2.119606	0.037872
192.125365	2.119555	0.037954
193.185123	2.119577	0.038038
194.244942	2.119562	0.038124
195.304685	2.119557	0.038194
196.364499	2.119556	0.038262
197.424241	2.119486	0.038318
198.483985	2.119431	0.038394
199.543672	2.119429	0.038512
200.603414	2.119460	0.038592
201.663132	2.119489	0.038660
202.722903	2.119479	0.038746
203.782611	2.119462	0.038810
204.842365	2.119457	0.038882
205.902068	2.119440	0.038996
206.961805	2.119403	0.039086
208.021471	2.119417	0.039158
209.081222	2.119415	0.039228
210.140886	2.119366	0.039308
211.200588	2.119340	0.039384
212.260226	2.119311	0.039440
213.319899	2.119305	0.039538
214.379531	2.119272	0.039618
215.439171	2.119242	0.039678
216.498773	2.119214	0.039778
217.558385	2.119190	0.039866
218.617963	2.119203	0.039950
219.677588	2.119206	0.040028
220.737169	2.119191	0.040118
221.796779	2.119147	0.040250
222.856316	2.119114	0.040332
223.915893	2.119111	0.040382
224.975427	2.119127	0.040458
226.035020	2.119108	0.040552
227.094535	2.119104	0.040646
228.154124	2.119118	0.040724
229.213653	2.119089	0.040798
230.273213	2.119050	0.040890
231.332703	2.119045	0.040990
232.392258	2.119066	0.041072
233.451769	2.119071	0.041146
234.511329	2.119058	0.041226
235.570827	2.119042	0.041314
236.630371	2.119034	0.041390
237.689861	2.119040	0.041474
238.749411	2.119024	0.041570
239.808885	2.118987	0.041654
240.868398	2.118949	0.041728
241.927834	2.118906	0.041828
242.987304	2.118912	0.041924
244.046746	2.118916	0.041996
245.106220	2.118905	0.042092
246.165651	2.118890	0.042198
247.225110	2.118855	0.042272
248.284506	2.118867	0.042336
249.343977	2.118891	0.042430
250.403397	2.118943	0.042542
251.462920	2.118890	0.042644
252.522287	2.118837	0.042726
253.581757	2.118861	0.042802
254.641148	2.118845	0.042892
255.700602	2.118815	0.042984
256.759963	2.118795	0.043074
257.819397	2.118793	0.043162
258.878756	2.118782	0.043244
259.938179	2.118787	0.043322
260.997543	2.118771	0.043402
262.056950	2.118744	0.043496
263.116287	2.118722	0.043590
264.175672	2.118720	0.043680
265.235007	2.118704	0.043766
266.294376	2.118694	0.043844
267.353701	2.118703	0.043930
268.413079	2.118701	0.044026
269.472402	2.118645	0.044112
270.531724	2.118635	0.044188
271.591037	2.118657	0.044282
272.650381	2.118625	0.044382
273.709662	2.118614	0.044468
274.768995	2.118596	0.044562
275.828258	2.118599	0.044652
276.887594	2.118587	0.044736
277.946845	2.118561	0.044830
279.006155	2.118606	0.044910
280.065451	2.118602	0.045010
281.124757	2.118560	0.045110
282.184011	2.118541	0.045194
283.243298	2.118537	0.045280
284.302548	2.118547	0.045360
285.361845	2.118522	0.045470
286.421070	2.118519	0.045560
287.480364	2.118479	0.045648
288.539549	2.118475	0.045746
289.598839	2.118524	0.045802
290.658073	2.118469	0.045894
291.717308	2.118398	0.046032
292.776471	2.118412	0.046122
293.835720	2.118432	0.046192
294.894903	2.118415	0.046294
295.954135	2.118407	0.046390
297.013310	2.118393	0.046488
298.072528	2.118391	0.046584
299.131701	2.118391	0.046670
300.190919	2.118366	0.046766
301.250067	2.118334	0.046862
302.309253	2.118318	0.046958
303.368385	2.118290	0.047062
304.427543	2.118289	0.047146
305.486674	2.118318	0.047240
306.545861	2.118299	0.047354
307.604973	2.118292	0.047450
308.664153	2.118268	0.047546
309.723241	2.118260	0.047654
310.782413	2.118263	0.047746
311.841504	2.118239	0.047832
312.900652	2.118229	0.047932
313.959733	2.118213	0.048022
315.018865	2.118203	0.048114
316.077936	2.118202	0.048224
317.137067	2.118202	0.048326
318.196138	2.118209	0.048416
319.255276	2.118201	0.048520
320.314339	2.118206	0.048626
321.373482	2.118184	0.048720
322.432523	2.118167	0.048834
323.491649	2.118195	0.048938
324.550718	2.118150	0.049016
325.609799	2.118103	0.049114
326.668821	2.118156	0.049170
327.727955	2.118097	0.049258
328.786918	2.118013	0.049396
329.845968	2.118147	0.049508
330.905065	2.118125	0.049626
331.964093	2.118004	0.049710
333.023069	2.118048	0.049842
334.082141	2.118077	0.049958
335.141146	2.118026	0.050048
336.200167	2.118025	0.050158
337.259171	2.118086	0.050254
338.318253	2.118071	0.050358
339.377242	2.118038	0.050456
340.436291	2.118032	0.050566
341.495274	2.118024	0.050676
342.554315	2.118003	0.050770
343.613277	2.117920	0.050870
344.672235	2.117904	0.050974
345.731181	2.118027	0.051062
346.790262	2.118032	0.051164
347.849213	2.117994	0.051290
348.908256	2.117988	0.051400
349.967201	2.117941	0.051494
351.026197	2.117934	0.051598
352.085135	2.117917	0.051694
353.144114	2.117904	0.051796
354.203039	2.117914	0.051906
355.262028	2.117951	0.052016
356.320990	2.117900	0.052120
357.379928	2.117830	0.052244
358.438820	2.117875	0.052348
359.497803	2.117908	0.052442
360.556728	2.117871	0.052576
361.615674	2.117755	0.052676
362.674483	2.117779	0.052766
363.733453	2.117823	0.052882
364.792306	2.117766	0.052992
365.851219	2.117771	0.053098
366.910077	2.117695	0.053206
367.968914	2.117873	0.053316
369.027950	2.117911	0.053432
370.086825	2.117652	0.053562
371.145602	2.117787	0.053636
372.204612	2.117828	0.053728
373.263430	2.117707	0.053872
374.322319	2.117796	0.054054
375.381226	2.117754	0.054136
376.440073	2.117705	0.054150
377.498931	2.117734	0.054282
378.557807	2.117677	0.054418
379.616608	2.117682	0.054528
380.675489	2.117690	0.054634
381.734298	2.117695	0.054748
382.793184	2.117728	0.054860
383.852026	2.117876	0.054964
384.911060	2.117643	0.055096
385.969669	2.117471	0.055158
387.028531	2.117679	0.055270
388.087348	2.117667	0.055452
389.146198	2.117682	0.055548
390.205030	2.117675	0.055664
391.263873	2.117615	0.055802
392.322645	2.117645	0.055926
393.381518	2.117595	0.056020
394.440240	2.117619	0.056136
395.499137	2.117649	0.056262
396.557889	2.117567	0.056378
397.616704	2.117555	0.056500
398.675444	2.117551	0.056612
399.734255	2.117568	0.056726
400.793012	2.117585	0.056832
401.851840	2.117598	0.056924
402.910610	2.117599	0.057056
403.969439	2.117584	0.057174
405.028194	2.117311	0.057288
406.086750	2.117477	0.057384
407.145671	2.117831	0.057410
408.204581	2.117425	0.057574
409.263096	2.117411	0.057788
410.321992	2.117591	0.057912
411.380687	2.117460	0.058030
412.439452	2.117447	0.058156
413.498134	2.117479	0.058276
414.556931	2.117486	0.058382
415.615620	2.117475	0.058496
416.674406	2.117453	0.058624
417.733073	2.117390	0.058746
418.791796	2.117374	0.058856
419.850447	2.117371	0.058974
420.909167	2.117460	0.059106
421.967907	2.117499	0.059234
423.026666	2.117399	0.059340
424.085306	2.117377	0.059460
425.144043	2.117373	0.059590
426.202679	2.117382	0.059714
427.261425	2.117388	0.059830
428.320067	2.117407	0.059926
429.378832	2.117448	0.060052
430.437515	2.117431	0.060194
431.496263	2.117397	0.060310
432.554912	2.117370	0.060416
433.613633	2.117374	0.060526
434.672286	2.117381	0.060656
435.731014	2.117376	0.060796
436.789662	2.117357	0.060908
437.848371	2.117347	0.061022
438.907009	2.117336	0.061158
439.965707	2.117336	0.061282
441.024345	2.117356	0.061402
442.083063	2.117336	0.061522
443.141681	2.117293	0.061654
444.200356	2.117267	0.061784
445.258948	2.117283	0.061872
446.317639	2.117344	0.061990
447.376292	2.117327	0.062124
448.434966	2.117282	0.062252
449.493574	2.117324	0.062408
450.552290	2.117372	0.062440
451.610946	2.117291	0.062604
452.669581	2.117150	0.062842
453.728096	2.117197	0.062924
454.786778	2.117252	0.063056
455.845348	2.117237	0.063180
456.904015	2.117247	0.063302
457.962595	2.117221	0.063438
459.021236	2.117193	0.063576
460.079788	2.117198	0.063708
461.138434	2.117239	0.063820
462.197027	2.117247	0.063950
463.255681	2.117219	0.064110
464.314246	2.117212	0.064240
465.372893	2.117189	0.064330
466.431435	2.117194	0.064466
467.490087	2.117195	0.064602
468.548630	2.117195	0.064716
469.607282	2.117204	0.064852
470.665834	2.117169	0.064988
471.724451	2.117160	0.065118
472.782994	2.117168	0.065264
473.841619	2.117179	0.065402
474.900173	2.117130	0.065534
475.958749	2.117099	0.065650
477.017272	2.117119	0.065776
478.075868	2.117109	0.065912
479.134381	2.117105	0.066042
480.192973	2.117092	0.066190
481.251473	2.117066	0.066318
482.310039	2.117039	0.066450
483.368512	2.117054	0.066592
484.427093	2.117099	0.066734
485.485611	2.117110	0.066850
486.544203	2.117078	0.066978
487.602689	2.117079	0.067134
488.661282	2.117070	0.067276
489.719759	2.117034	0.067410
490.778316	2.117056	0.067552
491.836815	2.117010	0.067694
492.895326	2.116992	0.067684
493.953807	2.117075	0.067834
495.012401	2.117037	0.068126
496.070844	2.116943	0.068268
497.129344	2.116943	0.068408
498.187787	2.116963	0.068566
499.246307	2.116967	0.068718
500.304754	2.116989	0.068852
501.363296	2.116973	0.069000
502.421727	2.116959	0.069150
503.480255	2.116953	0.069326
504.538680	2.116957	0.069508
505.597212	2.116987	0.069672
506.655667	2.116928	0.069798
507.714140	2.116892	0.069908
508.772559	2.116969	0.070050
509.831109	2.116917	0.070210
510.889476	2.116874	0.070372
511.947983	2.116911	0.070526
513.006387	2.116885	0.070694
514.064868	2.116900	0.070836
515.123287	2.116896	0.070986
516.181764	2.116850	0.071156
517.240137	2.116849	0.071302
518.298613	2.116855	0.071454
519.356992	2.116893	0.071608
520.415506	2.116892	0.071764
521.473884	2.116867	0.071924
522.532373	2.116864	0.072070
523.590748	2.116839	0.072220
524.649212	2.116806	0.072384
525.707554	2.116773	0.072536
526.765985	2.116792	0.072686
527.824346	2.116786	0.072840
528.882771	2.116770	0.073006
529.941116	2.116748	0.073180
530.999519	2.116699	0.073354
532.057815	2.116719	0.073530
533.116238	2.116783	0.073688
534.174598	2.116820	0.073852
535.233058	2.116719	0.074028
536.291317	2.116719	0.074194
537.349777	2.116807	0.074362
538.408124	2.116754	0.074532
539.466531	2.116735	0.074698
540.524859	2.116735	0.074874
541.583266	2.116732	0.075040
542.641591	2.116729	0.075198
543.699995	2.116689	0.075378
544.758280	2.116672	0.075552
545.816667	2.116639	0.075782
546.874919	2.116657	0.075946
547.933324	2.116692	0.076044
548.991611	2.116634	0.076230
550.049958	2.116612	0.076436
551.108223	2.116665	0.076602
552.166623	2.116681	0.076762
553.224904	2.116712	0.076940
554.283335	2.116725	0.077126
555.341629	2.116743	0.077314
556.400078	2.116753	0.077472
557.458382	2.116690	0.077624
558.516768	2.116631	0.077772
559.575013	2.116628	0.077930
560.633396	2.116721	0.078116
561.691734	2.116697	0.078292
562.750093	2.116620	0.078446
563.808354	2.116627	0.078608
564.866720	2.116787	0.078780
565.925141	2.116539	0.079070
566.983259	2.116458	0.079262
568.041599	2.116672	0.079334
569.099931	2.116610	0.079494
570.158209	2.116667	0.079666
571.216598	2.116675	0.079836
572.274884	2.116636	0.080012
573.333234	2.116599	0.080204
574.391483	2.116664	0.080442
575.449898	2.116579	0.080644
576.508062	2.116620	0.080768
577.566518	2.116614	0.080968
578.624676	2.116369	0.081156
579.682887	2.116501	0.081314
580.741177	2.116550	0.081498
581.799437	2.116503	0.081690
582.857680	2.116589	0.081880
583.916026	2.116517	0.082064
584.974197	2.116532	0.082258
586.032558	2.116610	0.082428
587.090807	2.116605	0.082598
588.149163	2.116563	0.082778
589.207370	2.116575	0.082964
590.265738	2.116576	0.083144
591.323946	2.116478	0.083308
592.382216	2.116430	0.083472
593.440376	2.116476	0.083644
594.498692	2.116532	0.083816
595.556908	2.116550	0.083980
596.615242	2.116560	0.084148
597.673468	2.116550	0.084332
598.731792	2.116558	0.084508
599.790026	2.116544	0.084688
600.848336	2.116522	0.084860
601.906548	2.116522	0.085024
602.964858	2.116524	0.085224
604.023072	2.116425	0.085380
605.081283	2.116246	0.085534
606.139318	2.116402	0.085732
607.197685	2.116687	0.085906
608.256005	2.116544	0.086122
609.314229	2.116237	0.086378
610.372242	2.116421	0.086568
611.430650	2.116551	0.086708
612.488793	2.116412	0.086878
613.547062	2.116420	0.087076
614.605213	2.116424	0.087266
615.663486	2.116444	0.087452
616.721657	2.116464	0.087654
617.779950	2.116449	0.087856
618.838106	2.116437	0.088056
619.896387	2.116394	0.088218
620.954500	2.116249	0.088424
622.012636	2.116238	0.088656
623.070738	2.116533	0.088868
624.129169	2.116502	0.089098
625.187240	2.116377	0.089288
626.245546	2.116427	0.089496
627.303667	2.116397	0.089710
628.361943	2.116400	0.089902
629.420067	2.116341	0.090110
630.478284	2.116319	0.090320
631.536386	2.116335	0.090520
632.594619	2.116322	0.090710
633.652708	2.116308	0.090896
634.710927	2.116371	0.091102
635.769079	2.116386	0.091306
636.827313	2.116293	0.091510
637.885372	2.116276	0.091712
638.943589	2.116300	0.091910
640.001672	2.116336	0.092124
641.059925	2.116349	0.092334
642.118021	2.116332	0.092542
643.176257	2.116315	0.092730
644.234336	2.116300	0.092920
645.292557	2.116308	0.093134
646.350644	2.116309	0.093332
647.408866	2.116322	0.093520
648.466966	2.116337	0.093716
649.525203	2.116347	0.093918
650.583313	2.116402	0.094126
651.641605	2.116391	0.094294
652.699704	2.116301	0.094448
653.757906	2.116293	0.094692
654.815997	2.116272	0.094934
655.874178	2.116265	0.095120
656.932262	2.116255	0.095336
657.990433	2.116225	0.095542
659.048487	2.116261	0.095742
660.106694	2.116290	0.095956
661.164777	2.116283	0.096162
662.222977	2.116230	0.096374
663.281007	2.116193	0.096558
664.339170	2.116229	0.096764
665.397236	2.116237	0.097008
666.455407	2.116210	0.097222
667.513446	2.116210	0.097420
668.571617	2.116212	0.097638
669.629658	2.116216	0.097860
670.687833	2.116207	0.098078
671.745865	2.116182	0.098298
672.804015	2.116191	0.098498
673.862056	2.116218	0.098720
674.920233	2.116208	0.098942
675.978264	2.116159	0.099140
677.036392	2.116143	0.099356
678.094407	2.116201	0.099590
679.152593	2.116218	0.099818
680.210625	2.116174	0.100026
681.268767	2.116129	0.100242
682.326754	2.116137	0.100456
683.384904	2.116139	0.100668
684.442893	2.116094	0.100894
685.500998	2.116039	0.101108
686.558932	2.116052	0.101320
687.617050	2.116116	0.101556
688.675048	2.116119	0.101784
689.733169	2.116116	0.101994
690.791164	2.116119	0.102220
691.849288	2.116105	0.102452
692.907269	2.116096	0.102678
693.965384	2.116071	0.102908
695.023340	2.116015	0.103156
696.081399	2.116036	0.103390
697.139376	2.116080	0.103624
698.197479	2.116049	0.103866
699.255425	2.116057	0.104102
700.313536	2.116060	0.104320
701.371485	2.116075	0.104542
702.429611	2.116094	0.104790
703.487579	2.116089	0.105034
704.545700	2.116094	0.105232
705.603673	2.116055	0.105430
706.661755	2.116030	0.105690
707.719703	2.115987	0.105950
708.777742	2.116082	0.106192
709.835785	2.115700	0.106430
710.893442	2.115864	0.106660
711.951649	2.116480	0.106910
713.009922	2.115962	0.107196
714.067611	2.115720	0.107426
715.125642	2.115984	0.107672
716.183595	2.116033	0.107918
717.241675	2.115985	0.108122
718.299580	2.115954	0.108368
719.357629	2.115861	0.108634
720.415441	2.115844	0.108870
721.473473	2.115971	0.109122
722.531412	2.116011	0.109416
723.589484	2.115974	0.109672
724.647386	2.115992	0.109924
725.705476	2.116008	0.110188
726.763394	2.116000	0.110440
727.821476	2.115878	0.110688
728.879272	2.115863	0.110956
729.937339	2.116008	0.111210
730.995280	2.115969	0.111452
732.053308	2.115902	0.111720
733.111182	2.115872	0.111964
734.169180	2.115899	0.112172
735.227081	2.115915	0.112450
736.285095	2.115876	0.112754
737.342957	2.115878	0.113018
738.400973	2.115875	0.113246
739.458832	2.115894	0.113496
740.516867	2.115869	0.113790
741.574701	2.115852	0.114062
742.632719	2.115734	0.114346
743.690435	2.115841	0.114630
744.748560	2.115935	0.114912
745.806370	2.115808	0.115172
746.864368	2.115855	0.115432
747.922225	2.115948	0.115718
748.980316	2.115847	0.115984
750.038072	2.115720	0.116252
751.096036	2.115816	0.116528
752.153888	2.115865	0.116792
753.211901	2.115809	0.117046
754.269697	2.115752	0.117298
755.327653	2.115769	0.117562
756.385466	2.115780	0.117824
757.443433	2.115754	0.118086
758.501220	2.115803	0.118340
759.559236	2.115855	0.118616
760.617075	2.115833	0.118906
761.675069	2.115814	0.119142
762.732889	2.115716	0.119414
763.790785	2.115713	0.119694
764.848602	2.115779	0.119940
765.906564	2.115699	0.120224
766.964301	2.115659	0.120510
768.022223	2.115793	0.120818
769.080094	2.115869	0.121072
770.138092	2.115682	0.121396
771.195776	2.115628	0.121724
772.253720	2.115521	0.122000
773.311297	2.115831	0.122374
774.369551	2.115792	0.122702
775.427089	2.115538	0.122982
776.485089	2.115738	0.123274
777.542827	2.115706	0.123570
778.600795	2.115697	0.123858
779.658524	2.115717	0.124132
780.716512	2.115740	0.124404
781.774264	2.115739	0.124672
782.832251	2.115688	0.124970
783.889952	2.115582	0.125288
784.947833	2.115622	0.125598
786.005574	2.115691	0.125892
787.063524	2.115706	0.126168
788.121280	2.115664	0.126460
789.179188	2.115637	0.126792
790.236917	2.115656	0.127098
791.294844	2.115662	0.127380
792.352579	2.115605	0.127670
793.410449	2.115563	0.127970
794.468142	2.115556	0.128276
795.526005	2.115521	0.128518
796.583663	2.115498	0.128790
797.641503	2.115787	0.129118
798.699450	2.115535	0.129452
799.757038	2.115335	0.129804
800.814785	2.115462	0.130122
801.872500	2.116028	0.130436
802.930813	2.115686	0.130758
803.988186	2.115036	0.131092
805.045849	2.115631	0.131474
806.103817	2.115590	0.131834
807.161439	2.115772	0.132134
808.219589	2.115354	0.132502
809.276793	2.115342	0.132866
810.334931	2.115654	0.133190
811.392447	2.115568	0.133494
812.450499	2.115628	0.133806
813.508075	2.115435	0.134178
814.565934	2.115494	0.134516
815.623569	2.115419	0.134802
816.681353	2.115460	0.135062
817.739029	2.115491	0.135370
818.796844	2.115430	0.135728
819.854459	2.115476	0.136074
820.912320	2.115498	0.136428
821.969957	2.115431	0.136838
823.027751	2.115392	0.137194
824.085349	2.115402	0.137510
825.143153	2.115468	0.137878
826.200817	2.115692	0.138198
827.258845	2.115611	0.138514
828.316428	2.115441	0.138908
829.374286	2.115457	0.139320
830.431885	2.115438	0.139650
831.489724	2.115449	0.139952
832.547334	2.115427	0.140284
833.605151	2.115389	0.140638
834.662723	2.115299	0.140958
835.720450	2.115246	0.141244
836.777969	2.115504	0.141614
837.835954	2.115578	0.141976
838.893547	2.115389	0.142298
839.951343	2.115390	0.142646
841.008937	2.115394	0.143010
842.066737	2.115399	0.143350
843.124336	2.115459	0.143692
844.182196	2.115447	0.144048
845.239783	2.115392	0.144374
846.297588	2.115365	0.144692
847.355148	2.115321	0.145028
848.412909	2.115381	0.145342
849.470529	2.115429	0.145678
850.528338	2.115387	0.146036
851.585916	2.115379	0.146384
852.643717	2.115371	0.146730
853.701287	2.115357	0.147090
854.759074	2.115339	0.147472
855.816626	2.115308	0.147784
856.874382	2.115309	0.148140
857.931935	2.115371	0.148494
858.989753	2.115345	0.148794
860.047280	2.115301	0.149116
861.105054	2.115295	0.149464
862.162575	2.115280	0.149810
863.220334	2.115272	0.150140
864.277847	2.115251	0.150438
865.335585	2.115271	0.150778
866.393118	2.115114	0.151152
867.450699	2.115236	0.151374
868.508354	2.115278	0.151652
869.565977	2.115190	0.152130
870.623544	2.115243	0.152520
871.681220	2.115176	0.152832
872.738720	2.115275	0.153212
873.796495	2.115280	0.153606
874.854000	2.115274	0.153964
875.911769	2.115202	0.154342
876.969202	2.115289	0.154724
878.027058	2.115337	0.155124
879.084539	2.115125	0.155506
880.142183	2.115139	0.155854
881.199678	2.115217	0.156180
882.257400	2.115278	0.156504
883.314956	2.115303	0.156884
884.372703	2.115284	0.157214
885.430240	2.115168	0.157580
886.487871	2.115262	0.158006
887.545502	2.115091	0.158440
888.602962	2.114994	0.158816
889.660496	2.115086	0.159180
890.718048	2.115001	0.159604
891.775497	2.115087	0.160014
892.833135	2.115029	0.160418
893.890526	2.115189	0.160836
894.948324	2.115204	0.161260
896.005730	2.115062	0.161708
897.063386	2.115032	0.162172
898.120762	2.115113	0.162536
899.178499	2.115100	0.162914
900.235862	2.115060	0.163336
901.293559	2.115046	0.163738
902.350908	2.115065	0.164164
903.408624	2.115156	0.164548
904.466064	2.115079	0.164996
905.523703	2.115048	0.165382
906.581112	2.115055	0.165676
907.638758	2.115052	0.166060
908.696164	2.115242	0.166416
909.754000	2.114987	0.166820
910.811151	2.114825	0.167218
911.868825	2.115249	0.167542
912.926400	2.115128	0.167952
913.983953	2.114786	0.168526
915.041186	2.114927	0.168952
916.098880	2.115010	0.169240
917.156196	2.115063	0.169708
918.213943	2.115061	0.170118
919.271257	2.115019	0.170482
920.328962	2.115204	0.170820
921.386461	2.115009	0.171162
922.443971	2.114848	0.171574
923.501309	2.115012	0.171930
924.558983	2.115019	0.172342
925.616328	2.114966	0.172724
926.673949	2.114959	0.173106
927.731287	2.114954	0.173494
928.788903	2.114877	0.173858
929.846164	2.114835	0.174272
930.903738	2.114885	0.174680
931.961049	2.114895	0.175058
933.018633	2.114948	0.175442
934.075997	2.115017	0.175834
935.133650	2.114959	0.176264
936.190956	2.114854	0.176696
937.248504	2.114835	0.177084
938.305791	2.114822	0.177462
939.363326	2.114874	0.177868
940.420665	2.114919	0.178266
941.478245	2.114912	0.178642
942.535577	2.114862	0.179018
943.593107	2.114841	0.179398
944.650418	2.114882	0.179836
945.707989	2.114890	0.180270
946.765308	2.114899	0.180688
947.822888	2.114766	0.181124
948.880074	2.114718	0.181580
949.937606	2.114880	0.181952
950.994954	2.114832	0.182352
952.052438	2.114690	0.182832
953.109644	2.114682	0.183260
954.167120	2.114966	0.183864
955.224610	2.114697	0.184328
956.281817	2.114338	0.184498
957.338948	2.114807	0.184804
958.396624	2.115070	0.185268
959.454018	2.114864	0.185660
960.511488	2.114700	0.186076
961.568718	2.114726	0.186592
962.626214	2.114750	0.186904
963.683468	2.114766	0.187280
964.740980	2.114736	0.187856
965.798204	2.114820	0.188212
966.855800	2.114787	0.188564
967.912991	2.114693	0.189050
968.970493	2.114719	0.189514
970.027710	2.114698	0.189952
971.085191	2.114700	0.190402
972.142410	2.114713	0.190844
973.199904	2.114715	0.191288
974.257125	2.114688	0.191718
975.314592	2.114673	0.192132
976.371798	2.114771	0.192556
977.429363	2.114758	0.193018
978.486556	2.114635	0.193456
979.543998	2.114608	0.193768
980.601164	2.114670	0.194208
981.658668	2.114762	0.194764
982.715926	2.114821	0.195224
983.773489	2.114650	0.195686
984.830576	2.114580	0.196108
985.888069	2.114689	0.196494
986.945265	2.114731	0.196870
988.002800	2.114732	0.197240
989.059997	2.114669	0.197642
990.117469	2.114727	0.198050
991.174724	2.114755	0.198444
992.232224	2.114686	0.198852
993.289410	2.114490	0.199304
994.346714	2.114624	0.199692
995.404034	2.114687	0.200128
996.461401	2.114526	0.200546
997.518560	2.114674	0.200940
998.576075	2.114672	0.201434
999.633232	2.114477	0.201880
1000.690552	2.114534	0.202280
1001.747766	2.114692	0.202720
1002.805244	2.114665	0.203172
1003.862431	2.114111	0.203686
1004.919355	2.114489	0.204114
1005.976920	2.114509	0.204788
1007.033864	2.114208	0.205312
1008.091128	2.114780	0.205492
1009.148644	2.114373	0.206228
1010.205501	2.114373	0.206782
1011.263017	2.114681	0.207034
1012.320182	2.114562	0.207572
1013.377579	2.114380	0.208066
1014.434562	2.114496	0.208516
1015.492075	2.114551	0.209086
1016.549113	2.114786	0.209458
1017.606861	2.114725	0.210078
1018.663838	2.113979	0.211136
1019.720840	2.114224	0.211636
1020.778062	2.114626	0.211784
1021.835466	2.114326	0.212252
1022.892388	2.114519	0.212760
1023.949985	2.114852	0.213298
1025.007240	2.114423	0.213936
1026.064408	2.114373	0.214432
1027.121613	2.114494	0.214810
1028.178902	2.114330	0.215252
1029.235943	2.114671	0.215682
1030.293573	2.114700	0.216230
1031.350643	2.114277	0.216734
1032.407850	2.114263	0.217084
1033.464906	2.114464	0.217512
1034.522314	2.114514	0.218000
1035.579420	2.114351	0.218576
1036.636665	2.114413	0.218946
1037.693833	2.114598	0.219330
1038.751263	2.114547	0.219894
1039.808380	2.114651	0.220288
1040.865914	2.114346	0.220756
1041.922726	2.114252	0.221260
1042.980166	2.114437	0.221744
1044.037163	2.114327	0.222226
1045.094493	2.114331	0.222750
1046.151494	2.114339	0.223224
1047.208832	2.114478	0.223552
1048.265972	2.114549	0.224048
1049.323381	2.114275	0.224654
1050.380247	2.114306	0.225054
1051.437687	2.114715	0.225382
1052.494962	2.114526	0.225920
1053.552213	2.113872	0.226726
1054.608834	2.113888	0.227184
1055.666101	2.114413	0.227518
1056.723247	2.114716	0.228006
1057.780817	2.114673	0.228362
1058.837920	2.114352	0.228848
1059.895169	2.114310	0.229394
1060.952230	2.114476	0.229896
1062.009645	2.114409	0.230402
1063.066639	2.114243	0.230962
1064.123888	2.114488	0.231484
1065.181127	2.114568	0.231730
1066.238456	2.114081	0.232232
1067.295208	2.113936	0.232900
1068.352392	2.114279	0.233496
1069.409487	2.114412	0.234002
1070.466804	2.114206	0.234380
1071.523693	2.114162	0.234858
1072.580966	2.114204	0.235324
1073.637897	2.114214	0.235874
1074.695180	2.114355	0.236336
1075.752252	2.114406	0.236732
1076.809586	2.114346	0.237208
1077.866598	2.114358	0.237724
1078.923944	2.114187	0.238240
1079.980785	2.114383	0.238798
1081.038327	2.114305	0.239462
1082.095090	2.114249	0.239980
1083.152576	2.114411	0.240444
1084.209501	2.114134	0.241078
1085.266710	2.114042	0.241656
1086.323543	2.114409	0.242134
1087.381119	2.114196	0.242998
1088.437739	2.114032	0.243602
1089.495151	2.114367	0.243838
1090.552106	2.114341	0.244316
1091.609492	2.114210	0.244824
1092.666316	2.114142	0.245380
1093.723634	2.114081	0.245936
1094.780397	2.114265	0.246394
1095.837899	2.114135	0.246934
1096.894532	2.113870	0.247452
1097.951769	2.114112	0.247886
1099.008644	2.114054	0.248464
1100.065823	2.114235	0.249006
1101.122879	2.114410	0.249610
1102.180233	2.114146	0.250086
1103.237025	2.114003	0.250414
1104.294236	2.114149	0.250920
1105.351174	2.114228	0.251344
1106.408464	2.114162	0.251864
1107.465336	2.113589	0.252432
1108.522053	2.113841	0.252898
1109.579177	2.114514	0.253326
1110.636567	2.114154	0.253818
1111.693331	2.114088	0.254262
1112.750655	2.114933	0.254706
1113.808264	2.114395	0.255088
1114.865050	2.112838	0.255848
1115.921102	2.114481	0.256744
1116.979531	2.115267	0.257198
1118.036369	2.113821	0.257526
1119.093352	2.113734	0.258076
1120.150103	2.113950	0.258794
1121.207302	2.114439	0.259648
1122.264542	2.113430	0.260236
1123.320732	2.113654	0.260388
1124.378196	2.114641	0.260740
1125.435373	2.114153	0.261218
1126.492349	2.114196	0.261502
1127.549569	2.113998	0.262018
1128.606347	2.113808	0.262714
1129.663377	2.114247	0.263026
1130.720594	2.114515	0.263472
1131.777892	2.113509	0.263852
1132.834103	2.113336	0.264270
1133.891228	2.114537	0.264732
1134.948640	2.114231	0.265236
1136.005459	2.113655	0.265874
1137.062295	2.113982	0.266338
1138.119441	2.113996	0.266794
1139.176291	2.114039	0.267326
1140.233480	2.113998	0.267832
1141.290289	2.113923	0.268214
1142.347403	2.113868	0.268758
1143.404157	2.113860	0.269254
1144.461263	2.113889	0.269598
1145.518046	2.113946	0.270064
1146.575209	2.113996	0.270762
1147.632042	2.113923	0.271332
1148.689132	2.113882	0.271748
1149.745924	2.113969	0.272224
1150.803101	2.113962	0.272786
1151.859886	2.113882	0.273276
1152.916983	2.113824	0.273806
1153.973710	2.114237	0.274336
1155.031220	2.114259	0.274904
1156.087969	2.113783	0.275582
1157.145003	2.113718	0.276110
1158.201687	2.113936	0.276618
1159.258939	2.114098	0.277218
1160.315785	2.113962	0.277718
1161.372901	2.113892	0.278202
