#Creator: pendulumEventBuffer
#Creation time: Thu Mar 31 09:08:41 2022
#Time	Period	Transit time
#[s]	[s]	[s]
2.046156	2.143625	0.015612
3.117931	2.143554	0.015646
4.189710	2.143455	0.015688
5.261386	2.143302	0.015744
6.333012	2.143241	0.015784
7.404627	2.143200	0.015822
8.476212	2.143131	0.015868
9.547758	2.143020	0.015916
10.619232	2.142905	0.015960
11.690663	2.142821	0.016002
12.762053	2.142729	0.016046
13.833392	2.142640	0.016092
14.904693	2.142504	0.016138
15.975896	2.142360	0.016180
17.047053	2.142332	0.016218
18.118228	2.142369	0.016264
19.189422	2.142280	0.016300
20.260508	2.142077	0.016344
21.331499	2.142016	0.016402
22.402524	2.141994	0.016440
23.473493	2.141901	0.016482
24.544425	2.141815	0.016534
25.615308	2.141794	0.016576
26.686219	2.141737	0.016614
27.757045	2.141614	0.016654
28.827833	2.141550	0.016698
29.898595	2.141498	0.016746
30.969331	2.141432	0.016786
32.040027	2.141362	0.016830
33.110693	2.141283	0.016878
34.181310	2.141188	0.016920
35.251881	2.141113	0.016962
36.322423	2.141021	0.017014
37.392902	2.140908	0.017064
38.463331	2.140861	0.017098
39.533763	2.140829	0.017138
40.604160	2.140767	0.017180
41.674530	2.140681	0.017220
42.744841	2.140582	0.017266
43.815112	2.140496	0.017316
44.885337	2.140412	0.017362
45.955524	2.140339	0.017400
47.025676	2.140284	0.017444
48.095808	2.140236	0.017492
49.165912	2.140179	0.017536
50.235987	2.140113	0.017578
51.306025	2.140053	0.017622
52.376040	2.140005	0.017668
53.446030	2.139932	0.017712
54.515972	2.139837	0.017752
55.585867	2.139771	0.017798
56.655743	2.139713	0.017842
57.725580	2.139645	0.017880
58.795388	2.139575	0.017928
59.865155	2.139499	0.017978
60.934887	2.139448	0.018022
62.004603	2.139406	0.018062
63.074293	2.139354	0.018106
64.143957	2.139291	0.018150
65.213584	2.139235	0.018192
66.283192	2.139173	0.018236
67.352757	2.139096	0.018278
68.422288	2.139022	0.018324
69.491779	2.138951	0.018374
70.561239	2.138892	0.018418
71.630671	2.138845	0.018462
72.700084	2.138785	0.018512
73.769456	2.138719	0.018556
74.838803	2.138688	0.018594
75.908144	2.138640	0.018644
76.977443	2.138550	0.018698
78.046694	2.138466	0.018744
79.115909	2.138413	0.018794
80.185107	2.138369	0.018838
81.254278	2.138327	0.018880
82.323434	2.138259	0.018928
83.392537	2.138166	0.018970
84.461600	2.138125	0.019012
85.530662	2.138130	0.019060
86.599730	2.138063	0.019116
87.668725	2.137980	0.019166
88.737710	2.137956	0.019208
89.806681	2.137904	0.019254
90.875614	2.137839	0.019300
91.944520	2.137806	0.019344
93.013420	2.137761	0.019388
94.082281	2.137654	0.019434
95.151074	2.137576	0.019488
96.219857	2.137535	0.019542
97.288609	2.137501	0.019586
98.357358	2.137472	0.019624
99.426081	2.137414	0.019662
100.494772	2.137378	0.019712
101.563459	2.137336	0.019766
102.632108	2.137264	0.019824
103.700723	2.137212	0.019866
104.769320	2.137142	0.019904
105.837865	2.137093	0.019954
106.906413	2.137039	0.020006
107.974904	2.136952	0.020052
109.043365	2.136945	0.020102
110.111849	2.136918	0.020162
111.180283	2.136786	0.020210
112.248635	2.136701	0.020262
113.316984	2.136720	0.020312
114.385355	2.136722	0.020350
115.453706	2.136725	0.020384
116.522080	2.136672	0.020448
117.590378	2.136515	0.020512
118.658595	2.136468	0.020558
119.726846	2.136489	0.020608
120.795084	2.136445	0.020656
121.863291	2.136393	0.020706
122.931477	2.136323	0.020754
123.999614	2.136283	0.020804
125.067760	2.136285	0.020852
126.135899	2.136251	0.020902
127.204011	2.136197	0.020954
128.272096	2.136113	0.021004
129.340124	2.136033	0.021056
130.408129	2.136013	0.021106
131.476137	2.135998	0.021154
132.544127	2.135975	0.021214
133.612112	2.135920	0.021260
134.680047	2.135856	0.021298
135.747968	2.135811	0.021352
136.815858	2.135763	0.021404
137.883731	2.135726	0.021454
138.951584	2.135687	0.021504
140.019418	2.135645	0.021552
141.087229	2.135622	0.021598
142.155040	2.135581	0.021648
143.222810	2.135520	0.021696
144.290560	2.135480	0.021744
145.358290	2.135434	0.021804
146.425994	2.135411	0.021856
147.493701	2.135352	0.021898
148.561346	2.135352	0.021948
149.629053	2.135321	0.021978
150.696667	2.135200	0.022038
151.764253	2.135177	0.022110
152.831844	2.135150	0.022152
153.899403	2.135138	0.022198
154.966982	2.135105	0.022248
156.034508	2.135033	0.022300
157.102015	2.134997	0.022350
158.169505	2.134969	0.022406
159.236984	2.134936	0.022456
160.304441	2.134892	0.022502
161.371876	2.134856	0.022552
162.439297	2.134825	0.022606
163.506701	2.134788	0.022662
164.574085	2.134735	0.022690
165.641436	2.134693	0.022752
166.708778	2.134661	0.022828
167.776097	2.134617	0.022866
168.843395	2.134590	0.022918
169.910687	2.134574	0.022970
170.977969	2.134553	0.023022
172.045240	2.134513	0.023072
173.112482	2.134480	0.023128
174.179720	2.134448	0.023184
175.246930	2.134397	0.023232
176.314117	2.134356	0.023286
177.381286	2.134337	0.023340
178.448454	2.134314	0.023388
179.515600	2.134277	0.023440
180.582731	2.134240	0.023494
181.649840	2.134194	0.023548
182.716925	2.134157	0.023602
183.783997	2.134138	0.023654
184.851063	2.134111	0.023706
185.918108	2.134089	0.023756
186.985152	2.134062	0.023804
188.052170	2.134002	0.023856
189.119154	2.133969	0.023908
190.186139	2.133944	0.023966
191.253098	2.133894	0.024028
192.320033	2.133866	0.024078
193.386964	2.133842	0.024128
194.453875	2.133824	0.024182
195.520788	2.133800	0.024236
196.587675	2.133763	0.024290
197.654551	2.133725	0.024346
198.721400	2.133693	0.024396
199.788244	2.133670	0.024448
200.855070	2.133650	0.024504
201.921894	2.133628	0.024556
202.988698	2.133589	0.024608
204.055483	2.133556	0.024658
205.122254	2.133563	0.024708
206.189046	2.133543	0.024764
207.255797	2.133468	0.024822
208.322514	2.133474	0.024872
209.389271	2.133478	0.024926
210.455992	2.133422	0.024980
211.522693	2.133376	0.025030
212.589368	2.133343	0.025088
213.656036	2.133304	0.025144
214.722672	2.133271	0.025196
215.789307	2.133261	0.025250
216.855933	2.133235	0.025306
217.922542	2.133200	0.025360
218.989133	2.133149	0.025410
220.055691	2.132964	0.025482
221.122097	2.132964	0.025550
222.188655	2.133244	0.025582
223.255341	2.133212	0.025626
224.321867	2.133042	0.025686
225.388383	2.132999	0.025746
226.454866	2.132950	0.025804
227.521333	2.132922	0.025858
228.587788	2.132899	0.025916
229.654232	2.132876	0.025972
230.720664	2.132856	0.026028
231.787088	2.132837	0.026084
232.853501	2.132812	0.026138
233.919900	2.132767	0.026192
234.986268	2.132763	0.026248
236.052663	2.132784	0.026310
237.119052	2.132700	0.026364
238.185363	2.132628	0.026414
239.251680	2.132632	0.026472
240.317995	2.132615	0.026530
241.384295	2.132588	0.026586
242.450583	2.132569	0.026642
243.516864	2.132543	0.026700
244.583126	2.132510	0.026756
245.649374	2.132485	0.026808
246.715611	2.132463	0.026866
247.781837	2.132460	0.026926
248.848071	2.132409	0.026966
249.914246	2.132350	0.027032
250.980421	2.132364	0.027102
252.046610	2.132378	0.027148
253.112799	2.132330	0.027230
254.178940	2.132289	0.027296
255.245088	2.132262	0.027340
256.311202	2.132215	0.027400
257.377303	2.132187	0.027454
258.443389	2.132144	0.027510
259.509447	2.132132	0.027566
260.575521	2.132144	0.027630
261.641591	2.132118	0.027710
262.707639	2.132077	0.027758
263.773668	2.132060	0.027800
264.839699	2.132039	0.027878
265.905707	2.132012	0.027942
266.971711	2.131996	0.027994
268.037703	2.131971	0.028058
269.103682	2.131949	0.028112
270.169652	2.131927	0.028172
271.235609	2.131915	0.028238
272.301567	2.131907	0.028290
273.367516	2.131866	0.028356
274.433433	2.131827	0.028426
275.499343	2.131797	0.028474
276.565230	2.131775	0.028532
277.631118	2.131771	0.028600
278.697001	2.131739	0.028658
279.762857	2.131714	0.028718
280.828715	2.131711	0.028778
281.894568	2.131658	0.028840
282.960373	2.131617	0.028910
284.026185	2.131654	0.028974
285.092027	2.131645	0.029042
286.157830	2.131618	0.029104
287.223645	2.131619	0.029154
288.289449	2.131591	0.029214
289.355236	2.131559	0.029284
290.421008	2.131552	0.029344
291.486788	2.131551	0.029400
292.552559	2.131534	0.029462
293.618322	2.131505	0.029524
294.684064	2.131471	0.029588
295.749793	2.131439	0.029646
296.815503	2.131409	0.029706
297.881202	2.131388	0.029768
298.946891	2.131366	0.029834
300.012568	2.131352	0.029896
301.078243	2.131329	0.029954
302.143897	2.131311	0.030022
303.209554	2.131304	0.030088
304.275201	2.131281	0.030146
305.340835	2.131238	0.030206
306.406439	2.131197	0.030274
307.472032	2.131207	0.030340
308.537646	2.131204	0.030404
309.603236	2.131198	0.030468
310.668844	2.131189	0.030520
311.734425	2.131133	0.030582
312.799977	2.131105	0.030650
313.865530	2.131101	0.030720
314.931078	2.131094	0.030788
315.996624	2.131087	0.030848
317.062165	2.131048	0.030910
318.127672	2.131021	0.030968
319.193186	2.131020	0.031032
320.258692	2.131001	0.031096
321.324187	2.130985	0.031154
322.389677	2.130973	0.031218
323.455160	2.130948	0.031292
324.520625	2.130916	0.031358
325.586076	2.130896	0.031424
326.651521	2.130871	0.031490
327.716947	2.130861	0.031546
328.782382	2.130844	0.031608
329.847791	2.130807	0.031682
330.913189	2.130799	0.031746
331.978590	2.130776	0.031812
333.043965	2.130754	0.031882
334.109344	2.130746	0.031940
335.174711	2.130718	0.032006
336.240062	2.130705	0.032076
337.305416	2.130696	0.032140
338.370758	2.130676	0.032200
339.436092	2.130666	0.032264
340.501424	2.130667	0.032336
341.566759	2.130659	0.032402
342.632083	2.130647	0.032466
343.697406	2.130625	0.032512
344.762708	2.130589	0.032584
345.827995	2.130575	0.032674
346.893283	2.130561	0.032734
347.958556	2.130518	0.032800
349.023801	2.130520	0.032870
350.089076	2.130529	0.032936
351.154330	2.130501	0.032996
352.219577	2.130504	0.033062
353.284834	2.130494	0.033132
354.350071	2.130459	0.033202
355.415293	2.130428	0.033274
356.480499	2.130423	0.033338
357.545716	2.130403	0.033404
358.610902	2.130362	0.033472
359.676078	2.130365	0.033540
360.741267	2.130399	0.033614
361.806477	2.130419	0.033682
362.871686	2.130384	0.033748
363.936861	2.130310	0.033818
365.001996	2.130309	0.033888
366.067170	2.130366	0.033944
367.132362	2.130310	0.034020
368.197480	2.130241	0.034096
369.262603	2.130280	0.034158
370.327760	2.130285	0.034228
371.392888	2.130258	0.034292
372.458018	2.130238	0.034364
373.523126	2.130215	0.034432
374.588233	2.130200	0.034502
375.653326	2.130191	0.034576
376.718424	2.130170	0.034644
377.783496	2.130116	0.034708
378.848540	2.130086	0.034768
379.913582	2.130089	0.034844
380.978629	2.130086	0.034918
382.043668	2.130084	0.034980
383.108713	2.130077	0.035050
384.173745	2.130022	0.035118
385.238735	2.130052	0.035190
386.303797	2.130018	0.035278
387.368753	2.129912	0.035354
388.433709	2.130018	0.035434
389.498771	2.130042	0.035514
390.563751	2.129953	0.035574
391.628724	2.129944	0.035636
392.693695	2.129939	0.035702
393.758663	2.129929	0.035778
394.823624	2.129894	0.035848
395.888557	2.129874	0.035918
396.953498	2.129910	0.036000
398.018467	2.129917	0.036054
399.083415	2.129868	0.036118
400.148335	2.129825	0.036202
401.213240	2.129825	0.036276
402.278160	2.129803	0.036348
403.343043	2.129795	0.036410
404.407955	2.129809	0.036482
405.472852	2.129773	0.036568
406.537728	2.129791	0.036636
407.602643	2.129781	0.036722
408.667509	2.129629	0.036794
409.732272	2.129696	0.036860
410.797205	2.129812	0.036938
411.862084	2.129700	0.036988
412.926905	2.129638	0.037066
413.991722	2.129663	0.037148
415.056568	2.129673	0.037224
416.121395	2.129658	0.037306
417.186226	2.129649	0.037384
418.251044	2.129631	0.037456
419.315857	2.129611	0.037530
420.380655	2.129450	0.037606
421.445307	2.129477	0.037682
422.510132	2.129674	0.037760
423.574981	2.129635	0.037842
424.639767	2.129543	0.037918
425.704524	2.129519	0.037988
426.769286	2.129519	0.038064
427.834043	2.129516	0.038138
428.898802	2.129515	0.038212
429.963558	2.129528	0.038288
431.028330	2.129513	0.038348
432.093071	2.129568	0.038442
433.157898	2.129479	0.038536
434.222550	2.129343	0.038588
435.287241	2.129405	0.038658
436.351955	2.129457	0.038738
437.416698	2.129378	0.038820
438.481333	2.129343	0.038890
439.546041	2.129451	0.038970
440.610784	2.129463	0.039056
441.675504	2.129343	0.039136
442.740127	2.129259	0.039198
443.804763	2.129352	0.039294
444.869479	2.129386	0.039394
445.934149	2.129321	0.039458
446.998800	2.129303	0.039540
448.063452	2.129290	0.039624
449.128090	2.129281	0.039704
450.192733	2.129280	0.039774
451.257370	2.129245	0.039844
452.321978	2.129194	0.039904
453.386564	2.129217	0.039996
454.451195	2.129281	0.040102
455.515845	2.129253	0.040182
456.580448	2.129204	0.040268
457.645049	2.129193	0.040346
458.709641	2.129232	0.040410
459.774281	2.129238	0.040490
460.838879	2.129154	0.040590
461.903435	2.129114	0.040674
462.967993	2.129116	0.040746
464.032551	2.129152	0.040830
465.097145	2.129154	0.040910
466.161705	2.129131	0.040986
467.226276	2.129116	0.041072
468.290821	2.128982	0.041162
469.355258	2.128969	0.041248
470.419790	2.129035	0.041332
471.484293	2.128936	0.041426
472.548726	2.128943	0.041528
473.613236	2.129097	0.041608
474.677823	2.129085	0.041698
475.742321	2.129000	0.041806
476.806823	2.129069	0.041886
477.871390	2.129061	0.041980
478.935884	2.128981	0.042076
480.000371	2.128960	0.042162
481.064844	2.128962	0.042248
482.129333	2.128955	0.042326
483.193799	2.128982	0.042422
484.258315	2.128927	0.042514
485.322726	2.128816	0.042596
486.387131	2.128861	0.042698
487.451587	2.128884	0.042802
488.516015	2.128777	0.042898
489.580364	2.128720	0.043000
490.644735	2.128766	0.043094
491.709130	2.128803	0.043184
492.773538	2.128838	0.043288
493.837968	2.128823	0.043388
494.902361	2.128658	0.043486
495.966626	2.128591	0.043560
497.030952	2.128757	0.043652
498.095383	2.128850	0.043762
499.159802	2.128754	0.043872
500.224137	2.128688	0.043986
501.288490	2.128715	0.044080
502.352852	2.128697	0.044188
503.417187	2.128645	0.044298
504.481497	2.128590	0.044414
505.545777	2.128616	0.044526
506.610113	2.128614	0.044622
507.674391	2.128628	0.044718
508.738741	2.128657	0.044818
509.803048	2.128630	0.044912
510.867371	2.128662	0.045006
511.931710	2.128583	0.045108
512.995954	2.128525	0.045212
514.060235	2.128524	0.045310
515.124478	2.128519	0.045420
516.188754	2.128523	0.045540
517.253001	2.128494	0.045662
518.317248	2.128472	0.045776
519.381473	2.128443	0.045874
520.445691	2.128507	0.045982
521.509980	2.128541	0.046088
522.574232	2.128484	0.046188
523.638464	2.128390	0.046292
524.702622	2.128359	0.046412
525.766823	2.128472	0.046526
526.831094	2.128512	0.046624
527.895335	2.128504	0.046734
528.959598	2.128371	0.046836
530.023706	2.128375	0.046960
531.087973	2.128527	0.047122
532.152233	2.128451	0.047218
533.216424	2.128411	0.047288
534.280644	2.128402	0.047412
535.344826	2.128443	0.047540
536.409087	2.128410	0.047610
537.473236	2.128305	0.047704
538.537392	2.128331	0.047828
539.601567	2.128391	0.047910
540.665783	2.128387	0.048018
541.729954	2.128475	0.048104
542.794258	2.128369	0.048180
543.858323	2.128275	0.048298
544.922533	2.128382	0.048414
545.986705	2.128285	0.048522
547.050818	2.128230	0.048612
548.114935	2.128280	0.048646
549.179098	2.128269	0.048748
550.243204	2.128206	0.048916
551.307304	2.128243	0.049040
552.371447	2.128273	0.049142
553.435577	2.128256	0.049230
554.499703	2.128252	0.049326
555.563829	2.128244	0.049434
556.627947	2.128218	0.049550
557.692047	2.128223	0.049654
558.756170	2.128260	0.049760
559.820307	2.128225	0.049874
560.884395	2.128195	0.049974
561.948502	2.128204	0.050080
563.012599	2.128205	0.050170
564.076707	2.128261	0.050266
565.140860	2.128235	0.050356
566.204942	2.128163	0.050448
567.269023	2.128155	0.050574
568.333097	2.128134	0.050678
569.397157	2.128141	0.050794
570.461238	2.128198	0.050916
571.525355	2.128224	0.050990
572.589462	2.128063	0.051220
573.653418	2.128045	0.051336
574.717507	2.128126	0.051326
575.781544	2.128093	0.051448
576.845600	2.128102	0.051540
577.909646	2.128097	0.051640
578.973697	2.128112	0.051742
580.037758	2.128122	0.051848
581.101819	2.128111	0.051962
582.165869	2.128104	0.052074
583.229923	2.128090	0.052178
584.293959	2.128072	0.052282
585.357995	2.127905	0.052386
586.421864	2.127992	0.052584
587.485987	2.128200	0.052674
588.550064	2.128052	0.052700
589.614039	2.127903	0.052718
590.677967	2.127958	0.052814
591.741997	2.128081	0.053014
592.806048	2.128044	0.053132
593.870041	2.127992	0.053262
594.934040	2.128014	0.053368
595.998055	2.128018	0.053466
597.062058	2.127997	0.053564
598.126052	2.127993	0.053664
599.190051	2.127966	0.053786
600.254018	2.127926	0.053912
601.317977	2.127934	0.054010
602.381952	2.127948	0.054116
603.445925	2.127944	0.054234
604.509896	2.127937	0.054340
605.573862	2.127923	0.054448
606.637819	2.127897	0.054546
607.701759	2.127917	0.054658
608.765736	2.127922	0.054784
609.829681	2.127913	0.054882
610.893649	2.127931	0.054998
611.957612	2.127912	0.055100
613.021561	2.127879	0.055194
614.085491	2.127852	0.055334
615.149413	2.127823	0.055466
616.213314	2.127812	0.055564
617.277225	2.127873	0.055674
618.341187	2.127862	0.055794
619.405087	2.127804	0.055902
620.468991	2.127814	0.056014
621.532901	2.127837	0.056130
622.596828	2.127842	0.056240
623.660743	2.127759	0.056354
624.724587	2.127779	0.056466
625.788522	2.127917	0.056576
626.852504	2.127783	0.056696
627.916305	2.127684	0.056786
628.980188	2.127777	0.056900
630.044082	2.127804	0.057040
631.107992	2.127799	0.057152
632.171881	2.127752	0.057258
633.235744	2.127732	0.057376
634.299613	2.127729	0.057490
635.363473	2.127746	0.057586
636.427359	2.127760	0.057702
637.491233	2.127740	0.057830
638.555099	2.127713	0.057946
639.618946	2.127692	0.058080
640.682791	2.127704	0.058194
641.746650	2.127719	0.058288
642.810510	2.127720	0.058404
643.874370	2.127710	0.058524
644.938220	2.127697	0.058636
646.002067	2.127680	0.058746
647.065900	2.127634	0.058872
648.129701	2.127611	0.058998
649.193511	2.127635	0.059130
650.257336	2.127656	0.059244
651.321167	2.127655	0.059350
652.384991	2.127644	0.059478
653.448811	2.127653	0.059606
654.512644	2.127622	0.059728
655.576433	2.127609	0.059834
656.640253	2.127637	0.059966
657.704070	2.127594	0.060112
658.767847	2.127608	0.060218
659.831678	2.127635	0.060336
660.895482	2.127574	0.060464
661.959252	2.127543	0.060572
663.023025	2.127564	0.060690
664.086816	2.127600	0.060812
665.150625	2.127650	0.060862
666.214466	2.127544	0.061000
667.278169	2.127495	0.061146
668.341961	2.127527	0.061258
669.405696	2.127488	0.061424
670.469449	2.127501	0.061546
671.533197	2.127488	0.061666
672.596937	2.127490	0.061778
673.660687	2.127518	0.061906
674.724455	2.127533	0.062050
675.788220	2.127510	0.062184
676.851965	2.127496	0.062306
677.915716	2.127472	0.062432
678.979437	2.127457	0.062562
680.043173	2.127502	0.062690
681.106939	2.127501	0.062814
682.170674	2.127452	0.062944
683.234391	2.127425	0.063078
684.298099	2.127431	0.063202
685.361822	2.127451	0.063336
686.425550	2.127434	0.063460
687.489256	2.127421	0.063552
688.552971	2.127344	0.063682
689.616600	2.127420	0.063844
690.680391	2.127542	0.063998
691.744142	2.127425	0.064116
692.807816	2.127371	0.064220
693.871513	2.127391	0.064366
694.935207	2.127446	0.064514
695.998959	2.127433	0.064662
697.062640	2.127320	0.064804
698.126279	2.127327	0.064930
699.189967	2.127346	0.065058
700.253625	2.127376	0.065198
701.317343	2.127429	0.065338
702.381054	2.127313	0.065484
703.444656	2.127292	0.065612
704.508346	2.127373	0.065760
705.572029	2.127228	0.065918
706.635574	2.127267	0.066060
707.699296	2.127381	0.066192
708.762955	2.127293	0.066318
709.826589	2.127259	0.066462
710.890214	2.127282	0.066616
711.953871	2.127240	0.066774
713.017454	2.127164	0.066912
714.081035	2.127143	0.067082
715.144597	2.127157	0.067270
716.208192	2.127260	0.067440
717.271857	2.127322	0.067634
718.335514	2.127339	0.067856
719.399196	2.127150	0.068016
720.462664	2.127159	0.068104
721.526355	2.127290	0.068230
722.589954	2.127243	0.068408
723.653598	2.127238	0.068568
724.717192	2.127218	0.068708
725.780816	2.127216	0.068840
726.844408	2.127195	0.068984
727.908011	2.127187	0.069154
728.971595	2.127171	0.069298
730.035182	2.127163	0.069432
731.098758	2.127161	0.069600
732.162343	2.127173	0.069778
733.225931	2.127163	0.069934
734.289506	2.127148	0.070076
735.353079	2.127157	0.070222
736.416663	2.127157	0.070366
737.480236	2.127156	0.070524
738.543819	2.127153	0.070678
739.607389	2.127190	0.070826
740.671009	2.127202	0.070982
741.734591	2.127156	0.071130
742.798165	2.127152	0.071278
743.861743	2.127160	0.071430
744.925325	2.127154	0.071582
745.988897	2.127108	0.071746
747.052433	2.127074	0.071894
748.115971	2.127072	0.072042
749.179505	2.127077	0.072198
750.243048	2.127139	0.072348
751.306644	2.127164	0.072516
752.370212	2.127158	0.072676
753.433802	2.127151	0.072812
754.497363	2.127095	0.072970
755.560897	2.127073	0.073118
756.624436	2.127060	0.073264
757.687957	2.127066	0.073430
758.751502	2.127094	0.073588
759.815051	2.127087	0.073746
760.878589	2.127094	0.073890
761.942145	2.127080	0.074038
763.005669	2.126924	0.074194
764.069069	2.127032	0.074390
765.132701	2.127147	0.074574
766.196216	2.126943	0.074716
767.259644	2.127015	0.074856
768.323231	2.127102	0.075002
769.386746	2.127019	0.075172
770.450250	2.127005	0.075348
771.513751	2.127006	0.075502
772.577256	2.127005	0.075648
773.640756	2.126990	0.075824
774.704246	2.127133	0.075992
775.767889	2.127275	0.076182
776.831521	2.126877	0.076390
777.894766	2.126782	0.076532
778.958303	2.127021	0.076650
780.021787	2.127004	0.076794
781.085307	2.127002	0.076954
782.148789	2.126965	0.077122
783.212272	2.126956	0.077292
784.275745	2.126877	0.077442
785.339149	2.127095	0.077614
786.402840	2.127104	0.077800
787.466253	2.126873	0.077934
788.529713	2.126914	0.078078
789.593167	2.126989	0.078262
790.656702	2.127029	0.078456
791.720196	2.126899	0.078624
792.783601	2.126885	0.078774
793.847081	2.126945	0.078922
794.910546	2.126957	0.079104
795.974038	2.126956	0.079272
797.037502	2.126888	0.079408
798.100926	2.126880	0.079580
799.164382	2.126904	0.079744
800.227830	2.126875	0.079920
801.291257	2.126873	0.080094
802.354703	2.126954	0.080258
803.418211	2.127006	0.080454
804.481709	2.126821	0.080626
805.545032	2.126767	0.080760
806.608476	2.126863	0.080920
807.671895	2.126833	0.081102
808.735309	2.126817	0.081278
809.798712	2.126803	0.081444
810.862112	2.126886	0.081608
811.925598	2.126916	0.081764
812.989028	2.126811	0.081932
814.052409	2.126733	0.082118
815.115761	2.126801	0.082274
816.179210	2.126706	0.082428
817.242467	2.126743	0.082574
818.305953	2.127015	0.082766
819.369482	2.126785	0.083012
820.432738	2.126664	0.083204
821.496146	2.126764	0.083368
822.559502	2.126733	0.083556
823.622879	2.126772	0.083750
824.686274	2.126774	0.083932
825.749653	2.126764	0.084130
826.813038	2.126809	0.084336
827.876462	2.126733	0.084532
828.939771	2.126665	0.084754
830.003127	2.126765	0.084946
831.066536	2.126774	0.085092
832.129901	2.126728	0.085266
833.193264	2.126727	0.085476
834.256628	2.126712	0.085692
835.319976	2.126689	0.085880
836.383317	2.126666	0.086058
837.446642	2.126665	0.086244
838.509982	2.126669	0.086436
839.573311	2.126663	0.086618
840.636645	2.126657	0.086794
841.699968	2.126672	0.086984
842.763317	2.126689	0.087186
843.826657	2.126687	0.087382
844.890004	2.126652	0.087576
845.953309	2.126634	0.087762
847.016638	2.126652	0.087944
848.079961	2.126651	0.088134
849.143289	2.126635	0.088338
850.206596	2.126628	0.088528
851.269917	2.126633	0.088706
852.333229	2.126622	0.088894
853.396539	2.126607	0.089090
854.459836	2.126615	0.089284
855.523154	2.126615	0.089476
856.586451	2.126598	0.089678
857.649752	2.126589	0.089876
858.713040	2.126575	0.090064
859.776327	2.126566	0.090254
860.839606	2.126565	0.090460
861.902892	2.126601	0.090660
862.966207	2.126604	0.090850
864.029496	2.126599	0.091048
865.092806	2.126601	0.091252
866.156097	2.126581	0.091450
867.219387	2.126582	0.091642
868.282679	2.126583	0.091838
869.345970	2.126599	0.092028
870.409278	2.126594	0.092220
871.472564	2.126546	0.092416
872.535824	2.126482	0.092616
873.599046	2.126474	0.092836
874.662298	2.126547	0.093036
875.725593	2.126629	0.093218
876.788927	2.126659	0.093410
877.852252	2.126635	0.093600
878.915562	2.126503	0.093800
879.978755	2.126443	0.094014
881.042005	2.126501	0.094270
882.105256	2.126476	0.094484
883.168481	2.126535	0.094634
884.231791	2.126557	0.094838
885.295038	2.126491	0.095060
886.358282	2.126498	0.095264
887.421536	2.126491	0.095468
888.484773	2.126492	0.095674
889.548028	2.126490	0.095880
890.611263	2.126464	0.096086
891.674492	2.126443	0.096300
892.737706	2.126488	0.096512
893.800980	2.126486	0.096736
894.864192	2.126419	0.096948
895.927399	2.126406	0.097142
896.990598	2.126442	0.097368
898.053841	2.126431	0.097578
899.117029	2.126414	0.097798
900.180255	2.126321	0.098006
901.243350	2.126276	0.098072
902.306531	2.126496	0.098298
903.369846	2.126487	0.098640
904.433018	2.126374	0.098864
905.496220	2.126364	0.099076
906.559382	2.126354	0.099304
907.622574	2.126370	0.099528
908.685752	2.126360	0.099740
909.748934	2.126396	0.099992
910.812148	2.126409	0.100216
911.875343	2.126401	0.100418
912.938549	2.126390	0.100658
914.001733	2.126341	0.100878
915.064890	2.126351	0.101112
916.128084	2.126438	0.101288
917.191328	2.126394	0.101520
918.254478	2.126311	0.101820
919.317639	2.126320	0.102018
920.380798	2.126327	0.102224
921.443966	2.126346	0.102456
922.507144	2.126362	0.102684
923.570328	2.126383	0.102912
924.633527	2.126411	0.103154
925.696739	2.126406	0.103386
926.759933	2.126369	0.103618
927.823108	2.126357	0.103844
928.886290	2.126349	0.104056
929.949457	2.126329	0.104270
931.012619	2.126316	0.104502
932.075773	2.126273	0.104754
933.138892	2.126254	0.104988
934.202027	2.126253	0.105206
935.265145	2.126258	0.105422
936.328285	2.126266	0.105650
937.391411	2.126266	0.105886
938.454551	2.126295	0.106114
939.517706	2.126315	0.106356
940.580866	2.126313	0.106612
941.644019	2.126305	0.106862
942.707171	2.126267	0.107106
943.770286	2.126219	0.107352
944.833390	2.126272	0.107576
945.896558	2.126287	0.107816
946.959677	2.126225	0.108066
948.022783	2.126195	0.108306
949.085872	2.126211	0.108560
950.148994	2.126212	0.108824
951.212084	2.126206	0.109100
952.275200	2.126284	0.109384
953.338368	2.126309	0.109644
954.401509	2.126355	0.109894
955.464723	2.126409	0.110158
956.527918	2.126361	0.110408
957.591084	2.126313	0.110652
958.654231	2.126307	0.110906
959.717391	2.126318	0.111130
960.780549	2.126272	0.111382
961.843663	2.126196	0.111646
962.906745	2.126191	0.111894
963.969854	2.126202	0.112168
965.032947	2.126200	0.112442
966.096054	2.126174	0.112712
967.159121	2.126126	0.112970
968.222180	2.126112	0.113244
969.285233	2.126127	0.113510
970.348307	2.126140	0.113746
971.411373	2.126149	0.114010
972.474456	2.126153	0.114276
973.537526	2.126148	0.114528
974.600604	2.126155	0.114800
975.663681	2.126163	0.115074
976.726767	2.126156	0.115342
977.789837	2.126135	0.115598
978.852902	2.126101	0.115852
979.915938	2.126075	0.116104
980.978977	2.126070	0.116366
982.042008	2.126063	0.116636
983.105040	2.126056	0.116904
984.168064	2.126062	0.117160
985.231102	2.126083	0.117412
986.294147	2.126085	0.117666
987.357187	2.126057	0.117934
988.420204	2.126039	0.118228
989.483226	2.126046	0.118516
990.546250	2.126040	0.118788
991.609266	2.126027	0.119052
992.672277	2.126046	0.119310
993.735312	2.126050	0.119576
994.798327	2.126052	0.119846
995.861364	2.126037	0.120132
996.924364	2.125976	0.120416
997.987340	2.125951	0.120668
999.050315	2.125970	0.120938
1000.113310	2.125979	0.121212
1001.176294	2.125994	0.121476
1002.239304	2.126029	0.121736
1003.302323	2.126032	0.121998
1004.365336	2.125986	0.122288
1005.428309	2.125969	0.122574
1006.491305	2.125947	0.122858
1007.554256	2.125909	0.123132
1008.617214	2.125908	0.123400
1009.680164	2.125923	0.123688
1010.743137	2.125953	0.123990
1011.806117	2.125972	0.124282
1012.869109	2.125949	0.124562
1013.932066	2.125905	0.124848
1014.995014	2.125906	0.125124
1016.057972	2.125914	0.125424
1017.120928	2.125894	0.125720
1018.183866	2.125883	0.126008
1019.246811	2.125886	0.126306
1020.309752	2.125886	0.126608
1021.372697	2.125887	0.126910
1022.435639	2.125875	0.127206
1023.498572	2.125859	0.127492
1024.561498	2.125826	0.127772
1025.624398	2.125810	0.128068
1026.687308	2.125855	0.128360
1027.750253	2.125852	0.128642
1028.813160	2.125787	0.128956
1029.876040	2.125855	0.129276
1030.939015	2.125900	0.129538
1032.001940	2.125930	0.129848
1033.064945	2.125879	0.130158
1034.127819	2.125799	0.130430
1035.190744	2.125803	0.130748
1036.253622	2.126357	0.131044
1037.317101	2.125980	0.131454
1038.379602	2.124754	0.131772
1039.441855	2.125633	0.132034
1040.505235	2.126246	0.132346
1041.568101	2.125701	0.132586
1042.630936	2.125870	0.132872
1043.693971	2.126071	0.133010
1044.757007	2.125808	0.133342
1045.819779	2.125621	0.133802
1046.882628	2.125712	0.134068
1047.945491	2.125627	0.134394
1049.008255	2.125966	0.134838
1050.071457	2.125995	0.135026
1051.134250	2.125299	0.135216
1052.196756	2.125574	0.135632
1053.259824	2.125953	0.135936
1054.322709	2.125771	0.136246
1055.385595	2.125739	0.136562
1056.448448	2.125675	0.136860
1057.511270	2.125638	0.137172
1058.574086	2.125619	0.137488
1059.636889	2.125628	0.137778
1060.699714	2.125694	0.138096
1061.762583	2.125675	0.138442
1062.825389	2.125631	0.138766
1063.888214	2.125734	0.139076
1064.951123	2.125648	0.139390
1066.013862	2.125549	0.139716
1067.076672	2.125747	0.140032
1068.139609	2.125718	0.140362
1069.202390	2.125628	0.140692
1070.265237	2.125668	0.141022
1071.328058	2.125641	0.141372
1072.390878	2.125657	0.141724
1073.453715	2.125723	0.142106
1074.516601	2.125677	0.142434
1075.579392	2.125514	0.142748
1076.642115	2.125541	0.143054
1077.704933	2.125656	0.143350
1078.767771	2.125658	0.143718
1079.830591	2.125694	0.144074
1080.893465	2.125549	0.144454
1081.956140	2.125487	0.144808
1083.018952	2.125624	0.145108
1084.081764	2.125587	0.145436
1085.144539	2.125553	0.145770
1086.207317	2.125514	0.146126
1087.270053	2.125568	0.146486
1088.332885	2.125615	0.146802
1089.395668	2.125534	0.147136
1090.458419	2.125488	0.147490
1091.521156	2.125451	0.147832
1092.583870	2.125463	0.148180
1093.646619	2.125446	0.148538
1094.709316	2.125418	0.148880
1095.772037	2.125413	0.149190
1096.834729	2.125381	0.149530
1097.897418	2.125392	0.149900
1098.960121	2.125411	0.150266
1100.022829	2.125411	0.150626
1101.085532	2.125413	0.150980
1102.148242	2.125400	0.151324
1103.210932	2.125403	0.151676
1104.273645	2.125561	0.152042
